NAME : amtsp
TYPE : ATSP
DIMENSION : 23
EDGE_WEIGHT_TYPE : EXPLICIT
EDGE_WEIGHT_FORMAT : FULL_MATRIX
EDGE_WEIGHT_SECTION
100000 -100000 100000 100000 100000 100000 100000 100000 100000 100000 100000 100000 100000 100000 100000 100000 100000 100000 100000 100000 100000 100000 100000 
100000 100000 2432 3203 3181 3927 3944 4111 4825 4688 4675 -261 135 410 271 512 1657 1975 1860 1904 2252 2631 2700 
0 0 100000 706 505 2306 2462 2858 3457 3163 3056 2613 2496 2122 2096 647 695 405 409 508 356 382 636 
0 0 706 100000 466 702 500 702 2455 2300 2455 3279 3305 3041 2926 2568 2717 2369 2221 2110 699 426 424 
0 0 505 466 100000 500 702 2388 2851 2455 2300 3342 3250 2874 2850 2474 2494 2103 2120 2186 749 503 737 
0 0 2306 702 500 100000 466 2200 2388 689 500 4076 3998 3621 3599 3223 3239 2848 2867 2902 2529 2179 2374 
0 0 2462 500 702 466 100000 466 689 500 689 4028 4040 3746 3655 3288 3398 3026 2933 2852 2493 2114 2121 
0 0 2858 702 2388 2200 466 100000 500 689 2388 4130 4228 4022 3874 3537 3722 3389 3209 3033 2729 2391 2213 
0 0 3457 2455 2851 2388 689 500 100000 466 2200 4860 4935 4694 4569 4218 4369 4013 3876 3734 3406 3044 2927 
0 0 3163 2300 2455 689 500 689 466 100000 466 4778 4781 4469 4393 4022 4110 3729 3664 3599 3237 2857 2867 
0 0 3056 2455 2300 500 689 2388 2200 466 100000 4817 4747 4370 4348 3972 3986 3595 3616 3636 3262 2899 3037 
0 0 2613 3279 3342 4076 4028 4130 4860 4778 4817 100000 -185 165 -73 661 765 1004 890 862 2359 2733 2738 
0 0 2496 3305 3250 3998 4040 4228 4935 4781 4747 -185 100000 -159 -211 550 625 888 779 872 2347 2727 2816 
0 0 2122 3041 2874 3621 3746 4022 4694 4469 4370 165 -159 100000 -292 359 284 559 609 708 2093 2452 2630 
0 0 2096 2926 2850 3599 3655 3874 4569 4393 4348 -73 -211 -292 100000 263 340 602 513 615 1966 2342 2464 
0 0 647 2568 2474 3223 3288 3537 4218 4022 3972 661 550 359 263 100000 -251 -158 -247 376 599 850 953 
0 0 695 2717 2494 3239 3398 3722 4369 4110 3986 765 625 284 340 -251 100000 -200 -124 598 700 976 1065 
0 0 405 2369 2103 2848 3026 3389 4013 3729 3595 1004 888 559 602 -158 -200 100000 -250 487 533 682 911 
0 0 409 2221 2120 2867 2933 3209 3876 3664 3616 890 779 609 513 -247 -124 -250 100000 256 348 598 699 
0 0 508 2110 2186 2902 2852 3033 3734 3599 3636 862 872 708 615 376 598 487 256 100000 270 523 606 
0 0 356 699 749 2529 2493 2729 3406 3237 3262 2359 2347 2093 1966 599 700 533 348 270 100000 -224 -100 
0 0 382 426 503 2179 2114 2391 3044 2857 2899 2733 2727 2452 2342 850 976 682 598 523 -224 100000 -233 
0 0 636 424 737 2374 2121 2213 2927 2867 3037 2738 2816 2630 2464 953 1065 911 699 606 -100 -233 100000 
