NAME : amtsp
TYPE : ATSP
DIMENSION : 21
EDGE_WEIGHT_TYPE : EXPLICIT
EDGE_WEIGHT_FORMAT : FULL_MATRIX
EDGE_WEIGHT_SECTION
100000 -100000 100000 100000 100000 100000 100000 100000 100000 100000 100000 100000 100000 100000 100000 100000 100000 100000 100000 100000 100000 
100000 100000 2091 2825 3567 3566 3737 4448 4311 4312 -330 391 483 399 -100 5 -96 457 288 526 1659 
0 0 100000 503 2303 2461 2859 3456 3161 3053 2137 2392 2706 2639 2565 2511 2129 675 652 402 427 
0 0 503 100000 500 702 2388 2851 2455 2300 2887 3054 3397 3366 3316 3262 2879 2502 2479 2108 2132 
0 0 2303 500 100000 466 2200 2388 689 500 3636 3759 4113 4103 4065 4010 3626 3249 3227 2856 2877 
0 0 2461 702 466 100000 466 689 500 689 3688 3630 4001 4061 4104 4128 3759 3397 3294 2929 3049 
0 0 2859 2388 2200 466 100000 500 689 2388 3901 3671 4039 4167 4286 4382 4041 3711 3544 3212 3404 
0 0 3456 2851 2388 689 500 100000 466 2200 4598 4411 4781 4897 4996 5066 4711 4364 4225 3875 4032 
0 0 3161 2455 689 500 689 466 100000 466 4426 4379 4750 4810 4846 4855 4481 4112 4028 3658 3754 
0 0 3053 2300 500 689 2388 2200 466 100000 4385 4481 4841 4844 4814 4759 4375 3997 3977 3604 3625 
0 0 2137 2887 3636 3688 3901 4598 4426 4385 100000 10 99 -104 -187 -152 -263 357 288 534 605 
0 0 2392 3054 3759 3630 3671 4411 4379 4481 10 100000 -251 -110 603 824 720 815 623 720 921 
0 0 2706 3397 4113 4001 4039 4781 4750 4841 99 -251 100000 -255 487 716 815 917 721 964 1038 
0 0 2639 3366 4103 4061 4167 4897 4810 4844 -104 -110 -255 100000 265 521 631 757 693 926 1000 
0 0 2565 3316 4065 4104 4286 4996 4846 4814 -187 603 487 265 100000 -240 -104 650 570 819 897 
0 0 2511 3262 4010 4128 4382 5066 4855 4759 -152 824 716 521 -240 100000 -243 510 606 856 759 
0 0 2129 2879 3626 3759 4041 4711 4481 4375 -263 720 815 631 -104 -243 100000 254 350 601 503 
0 0 675 2502 3249 3397 3711 4364 4112 3997 357 815 917 757 650 510 254 100000 -296 -152 -251 
0 0 652 2479 3227 3294 3544 4225 4028 3977 288 623 721 693 570 606 350 -296 100000 -249 -172 
0 0 402 2108 2856 2929 3212 3875 3658 3604 534 720 964 926 819 856 601 -152 -249 100000 -289 
0 0 427 2132 2877 3049 3404 4032 3754 3625 605 921 1038 1000 897 759 503 -251 -172 -289 100000 
