NAME : pairopt
TYPE : ACVRP
DIMENSION : 28
EDGE_WEIGHT_TYPE : EXPLICIT
EDGE_WEIGHT_FORMAT : FULL_MATRIX
CAPACITY : 54479
VEHICLES : 2
EDGE_WEIGHT_SECTION
100000 -100000 -100000 100000 100000 100000 100000 100000 100000 100000 100000 100000 100000 100000 100000 100000 100000 100000 100000 100000 100000 100000 100000 100000 100000 100000 100000 100000 
100000 100000 1000000 1596 1612 235 533 1927 1599 1927 2215 2126 522 2802 2084 271 1592 2126 2378 2676 1876 2802 2802 201 2676 2802 2126 2126 
100000 1000000 100000 1921 284 1604 409 1641 2295 2820 458 3171 1762 3426 184 2146 2630 2676 434 3530 222 3799 1928 1934 2153 2636 2299 287 
0 0 0 100000 498 446 848 2449 2388 706 2489 2394 931 2307 2116 466 2200 505 2488 2463 2117 2859 3042 765 3149 3444 2848 2292 
0 0 0 498 100000 377 437 691 2212 2464 673 2864 687 3053 425 696 2397 2303 674 3163 423 3460 2297 679 2458 2859 2399 499 
0 0 0 446 377 100000 414 748 713 2067 873 2369 485 2838 723 397 776 2115 973 2807 623 3010 2613 328 2579 2805 935 798 
0 0 0 848 437 414 100000 340 680 2628 503 2824 276 3417 531 759 959 2687 640 3375 294 3518 2086 473 1997 2280 721 474 
0 0 0 2449 691 748 340 100000 684 3050 400 3156 379 3880 633 2292 2447 3156 633 3800 400 3880 702 712 500 702 466 466 
0 0 0 2388 2212 713 680 684 100000 2461 2336 2307 404 3455 2467 703 499 2855 2626 3162 2142 3057 2844 386 2447 2292 495 2382 
0 0 0 706 2464 2067 2628 3050 2461 100000 3293 466 2590 689 3040 505 695 466 3389 500 2928 689 3880 2094 3800 3880 3156 3156 
0 0 0 2489 673 873 503 400 2336 3293 100000 3528 675 3992 343 2559 2877 3243 233 4030 250 4214 425 973 527 2147 2039 171 
0 0 0 2394 2864 2369 2824 3156 2307 466 3528 100000 2647 2388 3395 706 505 2200 3702 689 3198 500 4110 2167 3880 3800 3050 3450 
0 0 0 931 687 485 276 379 404 2590 675 2647 100000 3485 797 747 818 2795 909 3337 563 3377 2319 335 2037 2117 459 731 
0 0 0 2307 3053 2838 3417 3880 3455 689 3992 2388 3485 100000 3617 2460 2855 500 3992 466 3617 2200 4550 3022 4614 4802 4110 3800 
0 0 0 2116 425 723 531 633 2467 3040 343 3395 797 3617 100000 2370 2843 2869 250 3745 233 4023 674 946 864 2632 2386 171 
0 0 0 466 696 397 759 2292 703 505 2559 706 747 2460 2370 100000 466 708 2693 2307 2206 2462 3148 410 3042 3150 2449 2447 
0 0 0 2200 2397 776 959 2447 499 695 2877 505 818 2855 2843 466 100000 2389 3101 2461 2588 2307 3442 483 3148 3042 2292 2844 
0 0 0 505 2303 2115 2687 3156 2855 466 3243 2200 2795 500 2869 708 2389 100000 3243 689 2869 2388 3800 2368 3880 4110 3450 3050 
0 0 0 2488 674 973 640 633 2626 3389 233 3702 909 3992 250 2693 3101 3243 100000 4105 343 4355 425 1072 739 2472 2386 171 
0 0 0 2463 3163 2807 3375 3800 3162 500 4030 689 3337 466 3745 2307 2461 689 4105 100000 3661 466 4614 2837 4550 4614 3880 3880 
0 0 0 2117 423 623 294 400 2142 2928 250 3198 563 3617 233 2206 2588 2869 343 3661 100000 3867 674 724 776 2342 2039 171 
0 0 0 2859 3460 3010 3518 3880 3057 689 4214 500 3377 2200 4023 2462 2307 2388 4355 466 3867 100000 4802 2884 4614 4550 3800 4110 
0 0 0 3042 2297 2613 2086 702 2844 3880 425 4110 2319 4550 674 3148 3442 3800 425 4614 674 4802 100000 2749 466 2200 2388 500 
0 0 0 765 679 328 473 712 386 2094 973 2167 335 3022 946 410 483 2368 1072 2837 724 2884 2749 100000 2536 2591 785 898 
0 0 0 3149 2458 2579 1997 500 2447 3800 527 3880 2037 4614 864 3042 3148 3880 739 4550 776 4614 466 2536 100000 466 702 702 
0 0 0 3444 2859 2805 2280 702 2292 3880 2147 3800 2117 4802 2632 3150 3042 4110 2472 4614 2342 4550 2200 2591 466 100000 500 2388 
0 0 0 2848 2399 935 721 466 495 3156 2039 3050 459 4110 2386 2449 2292 3450 2386 3880 2039 3800 2388 785 702 500 100000 2200 
0 0 0 2292 499 798 474 466 2382 3156 171 3450 731 3800 171 2447 2844 3050 171 3880 171 4110 500 898 702 2388 2200 100000 
DEMAND_SECTION
1 0
2 0
3 0
4 3910
5 3752
6 331
7 296
8 3966
9 3910
10 3966
11 991
12 3966
13 418
14 3966
15 991
16 3907
17 3910
18 3966
19 991
20 3966
21 991
22 3966
23 3966
24 638
25 3966
26 3966
27 3966
28 3966
DEPOT_SECTION
1
EOF