NAME : pairopt
TYPE : ACVRP
DIMENSION : 36
EDGE_WEIGHT_TYPE : EXPLICIT
EDGE_WEIGHT_FORMAT : FULL_MATRIX
CAPACITY : 47669
VEHICLES : 2
EDGE_WEIGHT_SECTION
100000 -100000 -100000 100000 100000 100000 100000 100000 100000 100000 100000 100000 100000 100000 100000 100000 100000 100000 100000 100000 100000 100000 100000 100000 100000 100000 100000 100000 100000 100000 100000 100000 100000 100000 100000 100000 
100000 100000 1000000 4259 3516 2770 3706 236 4410 464 1831 460 2293 2203 1996 -72 2426 3032 -358 2016 -11 446 1578 1958 212 2755 -128 481 3499 391 1680 4246 1571 1965 249 499 
100000 1000000 100000 4265 3518 2764 3665 317 4382 535 1840 417 2255 2211 1844 473 2329 2970 257 2092 1630 328 447 1783 -395 2812 492 374 3547 516 1585 4288 1706 1905 202 459 
0 0 0 100000 500 2307 689 4028 466 3658 3229 4810 2868 2857 3880 4846 3156 2455 4426 3161 4855 4379 4750 4614 4377 2455 4481 4005 689 4112 3621 466 3754 3249 4001 3611 
0 0 0 500 100000 505 466 3294 689 2929 2485 4061 2122 2113 3156 4104 2455 702 3688 2461 4128 3630 4001 3880 3629 702 3759 3257 466 3397 2874 689 3049 2502 3253 2864 
0 0 0 2307 505 100000 706 2566 2463 2212 679 3304 419 424 2449 3359 698 468 2949 699 3407 2875 3245 3150 2874 466 3048 2504 708 2702 2123 2460 2378 675 2499 2112 
0 0 0 689 466 706 100000 3544 500 3212 2715 4167 2213 2382 3050 4286 2300 500 3901 2859 4382 3671 4039 3800 3756 2388 4041 3300 2200 3711 2920 2388 3404 2564 3400 3038 
0 0 0 4028 3294 2566 3544 100000 4225 250 618 717 954 853 2096 570 2383 2911 288 652 606 623 721 2207 400 2479 350 536 3227 203 630 3977 327 720 299 386 
0 0 0 466 689 2463 500 4225 100000 3875 3394 4897 2927 3038 3800 4996 3050 2300 4598 3456 5066 4411 4781 4550 4479 2851 4711 4038 2388 4364 3655 2200 4032 3292 4115 3741 
0 0 0 3658 2929 2212 3212 250 3875 100000 356 951 699 602 2084 819 2183 2617 534 402 856 720 964 2384 645 2108 601 623 2856 347 523 3604 210 609 389 281 
0 0 0 3229 2485 679 2715 618 3394 356 100000 2392 387 270 799 2420 689 889 2008 369 2472 2034 2385 2433 1958 745 2126 658 2528 701 434 3260 546 319 546 286 
0 0 0 4810 4061 3304 4167 717 4897 951 2392 100000 2773 2761 918 265 2754 3448 395 2639 521 389 244 654 344 3366 631 647 4103 757 905 4844 1000 2404 605 853 
0 0 0 2868 2122 419 2213 954 2927 699 387 2773 100000 256 776 2873 402 516 2490 637 2976 2313 2685 2569 2353 737 2649 778 2374 1043 515 3037 913 271 877 617 
0 0 0 2857 2113 424 2382 853 3038 602 270 2761 256 100000 885 2791 671 755 2376 396 2830 2377 2737 2730 2328 502 2472 880 2186 950 624 2904 702 376 802 534 
0 0 0 3880 3156 2449 3050 2096 3800 2084 799 918 776 885 100000 2394 500 2300 2191 2392 2664 524 781 500 769 2851 2496 387 3450 2396 377 4110 2390 510 660 663 
0 0 0 4846 4104 3359 4286 570 4996 819 2420 265 2873 2791 2394 100000 2949 3597 312 2565 259 103 -12 2060 412 3316 395 740 4065 650 1014 4814 897 2530 669 926 
0 0 0 3156 2455 698 2300 2383 3050 2183 689 2754 402 671 500 2949 100000 499 2636 2206 3138 2222 2576 2300 2389 2388 2872 1516 2851 2643 1297 3450 2479 387 1663 1500 
0 0 0 2455 702 468 500 2911 2300 2617 889 3448 516 755 2300 3597 499 100000 3235 2395 3730 2938 3302 3050 3052 2200 3415 2572 2388 3118 2201 2851 2858 765 2712 2379 
0 0 0 4426 3688 2949 3901 288 4598 534 2008 395 2490 2376 2191 312 2636 3235 100000 2137 347 10 99 2074 277 2887 236 632 3636 357 743 4385 605 2170 379 632 
0 0 0 3161 2461 699 2859 652 3456 402 369 2639 637 396 2392 2565 2206 2395 2137 100000 2511 2392 2706 2853 2224 503 2129 879 2303 675 768 3053 427 651 797 527 
0 0 0 4855 4128 3407 4382 606 5066 856 2472 521 2976 2830 2664 259 3138 3730 347 2511 100000 324 216 2414 619 3262 256 944 4010 510 1064 4759 759 2669 727 986 
0 0 0 4379 3630 2875 3671 623 4411 720 2034 389 2313 2377 524 103 2222 2938 10 2392 324 100000 248 395 266 3054 720 251 3759 815 522 4481 921 1933 377 635 
0 0 0 4750 4001 3245 4039 721 4781 964 2385 244 2685 2737 781 -12 2576 3302 99 2706 216 248 100000 403 388 3397 815 511 4113 917 768 4841 1038 2305 644 901 
0 0 0 4614 3880 3150 3800 2207 4550 2384 2433 654 2569 2730 500 2060 2300 3050 2074 2853 2414 395 403 100000 656 3450 2408 504 4110 2480 764 4802 2633 2202 759 904 
0 0 0 4377 3629 2874 3756 400 4479 645 1958 344 2353 2328 769 412 2389 3052 277 2224 619 266 388 656 100000 2940 522 -128 3672 608 139 4411 724 1994 251 513 
0 0 0 2455 702 466 2388 2479 2851 2108 745 3366 737 502 2851 3316 2388 2200 2887 503 3262 3054 3397 3450 2940 100000 2879 2722 500 2502 2398 2300 2132 877 2576 2205 
0 0 0 4481 3759 3048 4041 350 4711 601 2126 631 2649 2472 2496 395 2872 3415 236 2129 256 720 815 2408 522 2879 100000 830 3626 254 953 4375 503 2371 603 732 
0 0 0 4005 3257 2504 3300 536 4038 623 658 647 778 880 387 740 1516 2572 632 879 944 251 511 504 -128 2722 830 100000 3409 722 260 4123 820 505 278 389 
0 0 0 689 466 708 2200 3227 2388 2856 2528 4103 2374 2186 3450 4065 2851 2388 3636 2303 4010 3759 4113 4110 3672 500 3626 3409 100000 3249 3055 500 2877 2714 3301 2919 
0 0 0 4112 3397 2702 3711 203 4364 347 701 757 1043 950 2396 650 2643 3118 357 675 510 815 917 2480 608 2502 254 722 3249 100000 838 3997 248 933 500 604 
0 0 0 3621 2874 2123 2920 630 3655 523 434 905 515 624 377 1014 1297 2201 743 768 1064 522 768 764 139 2398 953 260 3055 838 100000 3757 731 249 384 291 
0 0 0 466 689 2460 2388 3977 2200 3604 3260 4844 3037 2904 4110 4814 3450 2851 4385 3053 4759 4481 4841 4802 4411 2300 4375 4123 500 3997 3757 100000 3625 3400 4038 3651 
0 0 0 3754 3049 2378 3404 327 4032 210 546 1000 913 702 2390 897 2479 2858 605 427 759 921 1038 2633 724 2132 503 820 2877 248 731 3625 100000 819 592 495 
0 0 0 3249 2502 675 2564 720 3292 609 319 2404 271 376 510 2530 387 765 2170 651 2669 1933 2305 2202 1994 877 2371 505 2714 933 249 3400 819 100000 622 371 
0 0 0 4001 3253 2499 3400 299 4115 389 546 605 877 802 660 669 1663 2712 379 797 727 377 644 759 251 2576 603 278 3301 500 384 4038 592 622 100000 261 
0 0 0 3611 2864 2112 3038 386 3741 281 286 853 617 534 663 926 1500 2379 632 527 986 635 901 904 513 2205 732 389 2919 604 291 3651 495 371 261 100000 
DEMAND_SECTION
1 0
2 0
3 0
4 3966
5 3966
6 3908
7 3966
8 300
9 3966
10 669
11 298
12 349
13 928
14 737
15 3966
16 492
17 3966
18 3966
19 194
20 3860
21 831
22 898
23 966
24 3966
25 111
26 3966
27 858
28 805
29 3966
30 945
31 716
32 3966
33 977
34 821
35 114
36 139
DEPOT_SECTION
1
EOF