NAME : amtsp
TYPE : ATSP
DIMENSION : 19
EDGE_WEIGHT_TYPE : EXPLICIT
EDGE_WEIGHT_FORMAT : FULL_MATRIX
EDGE_WEIGHT_SECTION
100000 -100000 100000 100000 100000 100000 100000 100000 100000 100000 100000 100000 100000 100000 100000 100000 100000 100000 100000 
100000 100000 1897 2586 2497 2699 3391 3253 3310 4045 4002 4109 -150 243 370 1632 1982 1953 1587 
0 0 100000 503 699 2395 2859 2461 2303 3053 3161 3456 2392 879 768 651 637 396 369 
0 0 503 100000 466 2200 2388 702 500 2300 2455 2851 3054 2722 2398 877 737 502 745 
0 0 699 466 100000 468 706 505 708 2460 2307 2463 2875 2504 2123 675 419 424 679 
0 0 2395 2200 468 100000 500 702 2388 2851 2455 2300 2938 2572 2201 765 516 755 889 
0 0 2859 2388 706 500 100000 466 2200 2388 689 500 3671 3300 2920 2564 2213 2382 2715 
0 0 2461 702 505 702 466 100000 466 689 500 689 3630 3257 2874 2502 2122 2113 2485 
0 0 2303 500 708 2388 2200 466 100000 500 689 2388 3759 3409 3055 2714 2374 2186 2528 
0 0 3053 2300 2460 2851 2388 689 500 100000 466 2200 4481 4123 3757 3400 3037 2904 3260 
0 0 3161 2455 2307 2455 689 500 689 466 100000 466 4379 4005 3621 3249 2868 2857 3229 
0 0 3456 2851 2463 2300 500 689 2388 2200 466 100000 4411 4038 3655 3292 2927 3038 3394 
0 0 2392 3054 2875 2938 3671 3630 3759 4481 4379 4411 100000 -248 22 1933 2313 2377 2034 
0 0 879 2722 2504 2572 3300 3257 3409 4123 4005 4038 -248 100000 -239 505 778 880 658 
0 0 768 2398 2123 2201 2920 2874 3055 3757 3621 3655 22 -239 100000 249 515 624 434 
0 0 651 877 675 765 2564 2502 2714 3400 3249 3292 1933 505 249 100000 -228 -123 -180 
0 0 637 737 419 516 2213 2122 2374 3037 2868 2927 2313 778 515 -228 100000 -243 -112 
0 0 396 502 424 755 2382 2113 2186 2904 2857 3038 2377 880 624 -123 -243 100000 -229 
0 0 369 745 679 889 2715 2485 2528 3260 3229 3394 2034 658 434 -180 -112 -229 100000 
