NAME : amtsp
TYPE : ATSP
DIMENSION : 15
EDGE_WEIGHT_TYPE : EXPLICIT
EDGE_WEIGHT_FORMAT : FULL_MATRIX
EDGE_WEIGHT_SECTION
100000 -100000 100000 100000 100000 100000 100000 100000 100000 100000 100000 100000 100000 100000 100000 
100000 100000 2282 2265 2595 -334 -284 -80 -89 460 233 204 468 1686 1883 
0 0 100000 500 2300 2202 2547 2653 2384 656 2071 2398 2040 648 403 
0 0 500 100000 500 2087 2453 2405 2084 769 2190 2476 2342 919 781 
0 0 2300 500 100000 2372 2681 2486 2183 2389 2637 2847 2883 2748 2576 
0 0 2202 2087 2372 100000 -241 -169 -255 398 -205 -142 32 721 722 
0 0 2547 2453 2681 -241 100000 -237 -142 635 -114 -221 128 786 968 
0 0 2653 2405 2486 -169 -237 100000 -283 731 120 20 363 1049 1061 
0 0 2384 2084 2183 -255 -142 -283 100000 645 36 101 277 951 964 
0 0 656 769 2389 398 635 731 645 100000 288 489 345 -158 -136 
0 0 2071 2190 2637 -205 -114 120 36 288 100000 -262 -251 394 597 
0 0 2398 2476 2847 -142 -221 20 101 489 -262 100000 -130 627 834 
0 0 2040 2342 2883 32 128 363 277 345 -251 -130 100000 284 481 
0 0 648 919 2748 721 786 1049 951 -158 394 627 284 100000 -265 
0 0 403 781 2576 722 968 1061 964 -136 597 834 481 -265 100000 
