NAME : pairopt
TYPE : ACVRP
DIMENSION : 20
EDGE_WEIGHT_TYPE : EXPLICIT
EDGE_WEIGHT_FORMAT : FULL_MATRIX
CAPACITY : 24558
VEHICLES : 2
EDGE_WEIGHT_SECTION
100000 -100000 -100000 100000 100000 100000 100000 100000 100000 100000 100000 100000 100000 100000 100000 100000 100000 100000 100000 100000 
100000 100000 1000000 1919 2093 2723 1825 1786 308 2610 71 2531 268 505 1616 1630 368 1553 1647 619 
100000 1000000 100000 2052 2210 2858 1726 1935 403 2754 169 2681 169 406 520 1579 467 1573 1729 660 
0 0 0 100000 2200 2388 2504 466 517 500 791 702 2269 2572 2506 2141 743 684 424 395 
0 0 0 2200 100000 500 3117 466 751 2388 840 702 2395 2709 2895 2879 530 2661 2485 2134 
0 0 0 2388 500 100000 3711 702 2379 2200 2635 466 3068 3398 3538 3422 2222 3133 2860 2565 
0 0 0 2504 3117 3711 100000 2709 959 3251 757 3398 584 466 235 255 1037 504 758 1067 
0 0 0 466 466 702 2709 100000 426 702 639 500 2165 2504 2578 2403 431 898 746 494 
0 0 0 517 751 2379 959 426 100000 2215 267 2126 542 754 949 706 230 586 475 248 
0 0 0 500 2388 2200 3251 702 2215 100000 2565 466 2981 3299 3254 2885 2380 2508 2125 2078 
0 0 0 791 840 2635 757 639 267 2565 100000 2459 315 565 668 711 310 581 664 437 
0 0 0 702 702 466 3398 500 2126 466 2459 100000 2912 3251 3304 3063 2130 2721 2384 2173 
0 0 0 2269 2395 3068 584 2165 542 2981 315 2912 100000 237 363 578 612 646 796 775 
0 0 0 2572 2709 3398 466 2504 754 3299 565 3251 237 100000 231 606 850 703 958 1092 
0 0 0 2506 2895 3538 235 2578 949 3254 668 3304 363 231 100000 352 954 602 857 998 
0 0 0 2141 2879 3422 255 2403 706 2885 711 3063 578 606 352 100000 926 252 510 737 
0 0 0 743 530 2222 1037 431 230 2380 310 2130 612 850 954 926 100000 1557 731 480 
0 0 0 684 2661 3133 504 898 586 2508 581 2721 646 703 602 252 1557 100000 259 398 
0 0 0 424 2485 2860 758 746 475 2125 664 2384 796 958 857 510 731 259 100000 251 
0 0 0 395 2134 2565 1067 494 248 2078 437 2173 775 1092 998 737 480 398 251 100000 
DEMAND_SECTION
1 0
2 0
3 0
4 3966
5 3966
6 3966
7 977
8 3966
9 947
10 3966
11 334
12 3966
13 577
14 977
15 959
16 791
17 977
18 785
19 919
20 696
DEPOT_SECTION
1
EOF