NAME : pairopt
TYPE : ACVRP
DIMENSION : 11
EDGE_WEIGHT_TYPE : EXPLICIT
EDGE_WEIGHT_FORMAT : FULL_MATRIX
CAPACITY : 1600
VEHICLES : 2
EDGE_WEIGHT_SECTION
100000 -100000 -100000 100000 100000 100000 100000 100000 100000 100000 100000 
100000 100000 1000000 1219 990 612 784 1120 1698 2855 1069 
100000 1000000 100000 2672 2325 2840 3192 2458 3428 338 2493 
0 0 0 100000 269 572 351 641 196 3482 612 
0 0 0 269 100000 552 373 413 1211 3135 409 
0 0 0 572 552 100000 1038 1426 1378 3112 1036 
0 0 0 351 373 1038 100000 797 537 3468 498 
0 0 0 641 413 1426 797 100000 1850 2796 593 
0 0 0 196 1211 1378 537 1850 100000 3745 1946 
0 0 0 3482 3135 3112 3468 2796 3745 100000 2759 
0 0 0 612 409 1036 498 593 1946 2759 100000 
DEMAND_SECTION
1 0
2 0
3 0
4 443
5 203
6 411
7 651
8 53
9 18
10 172
11 178
DEPOT_SECTION
1
EOF