NAME : amtsp
TYPE : ATSP
DIMENSION : 14
EDGE_WEIGHT_TYPE : EXPLICIT
EDGE_WEIGHT_FORMAT : FULL_MATRIX
EDGE_WEIGHT_SECTION
100000 -100000 100000 100000 100000 100000 100000 100000 100000 100000 100000 100000 100000 100000 
100000 100000 245 1594 1594 255 1594 1594 2125 1925 2125 2801 2675 2801 
0 0 100000 465 684 499 685 469 706 505 695 2461 2307 2463 
0 0 465 100000 499 693 2388 2200 2388 702 500 2300 2455 2851 
0 0 684 499 100000 465 2200 2388 2851 2455 2300 3050 3156 3450 
0 0 499 693 465 100000 469 694 2463 2307 2461 3162 3057 3164 
0 0 685 2388 2200 469 100000 499 2300 2455 2851 3450 3156 3050 
0 0 469 2200 2388 694 499 100000 500 702 2388 2851 2455 2300 
0 0 706 2388 2851 2463 2300 500 100000 466 2200 2388 702 500 
0 0 505 702 2455 2307 2455 702 466 100000 466 702 500 702 
0 0 695 500 2300 2461 2851 2388 2200 466 100000 500 702 2388 
0 0 2461 2300 3050 3162 3450 2851 2388 702 500 100000 466 2200 
0 0 2307 2455 3156 3057 3156 2455 702 500 702 466 100000 466 
0 0 2463 2851 3450 3164 3050 2300 500 702 2388 2200 466 100000 
