NAME : pairopt
TYPE : ACVRP
DIMENSION : 14
EDGE_WEIGHT_TYPE : EXPLICIT
EDGE_WEIGHT_FORMAT : FULL_MATRIX
CAPACITY : 23214
VEHICLES : 2
EDGE_WEIGHT_SECTION
100000 -100000 -100000 100000 100000 100000 100000 100000 100000 100000 100000 100000 100000 100000 
100000 100000 1000000 2525 2661 2000 534 1775 340 137 1675 84 2661 331 
100000 1000000 100000 2531 2723 2093 1679 1786 308 237 1799 72 2610 368 
0 0 0 100000 466 702 2455 500 2126 2496 3156 2458 466 2130 
0 0 0 466 100000 500 2300 702 2379 2568 3050 2633 2200 2222 
0 0 0 702 500 100000 500 466 751 775 2300 829 2388 530 
0 0 0 2455 2300 500 100000 702 634 404 499 579 2851 403 
0 0 0 500 702 466 702 100000 426 676 2455 639 702 431 
0 0 0 2126 2379 751 634 426 100000 352 863 257 2215 230 
0 0 0 2496 2568 775 404 676 352 100000 517 189 2698 244 
0 0 0 3156 3050 2300 499 2455 863 517 100000 700 3450 769 
0 0 0 2458 2633 829 579 639 257 189 700 100000 2565 301 
0 0 0 466 2200 2388 2851 702 2215 2698 3450 2565 100000 2380 
0 0 0 2130 2222 530 403 431 230 244 769 301 2380 100000 
DEMAND_SECTION
1 0
2 0
3 0
4 3966
5 3966
6 3966
7 3966
8 3966
9 947
10 938
11 3966
12 322
13 3966
14 977
DEPOT_SECTION
1
EOF