NAME : pairopt
TYPE : ACVRP
DIMENSION : 36
EDGE_WEIGHT_TYPE : EXPLICIT
EDGE_WEIGHT_FORMAT : FULL_MATRIX
CAPACITY : 49234
VEHICLES : 2
EDGE_WEIGHT_SECTION
100000 -100000 -100000 100000 100000 100000 100000 100000 100000 100000 100000 100000 100000 100000 100000 100000 100000 100000 100000 100000 100000 100000 100000 100000 100000 100000 100000 100000 100000 100000 100000 100000 100000 100000 100000 100000 
100000 100000 1000000 3754 3009 2260 1789 1698 362 150 3900 216 1899 1604 1583 -271 492 3031 479 -147 2069 1780 3771 441 462 2301 -107 1669 1840 1998 1840 2542 514 3200 269 1969 
100000 1000000 100000 4689 3944 3196 2701 2631 2253 1905 4826 1861 441 2433 496 553 285 3928 1611 2013 1929 2218 4675 1941 2354 3182 1714 405 -292 2768 104 3419 251 4112 520 342 
0 0 0 100000 500 2307 2867 2857 3237 3599 466 3664 4748 3164 4381 3999 4398 689 4113 3627 4614 3880 466 3754 3249 2455 3998 4476 4781 3156 4786 2455 4429 689 4032 4841 
0 0 0 500 100000 505 2121 2114 2493 2852 689 2933 3999 2463 3632 3251 3650 466 3398 2880 3880 3156 689 3049 2503 702 3250 3754 4032 2455 4044 702 3692 466 3298 4113 
0 0 0 2307 505 100000 418 420 695 2101 2462 2213 3243 702 2877 2496 2894 708 2702 2128 3150 2449 2460 2379 676 466 2496 3041 3276 698 3300 468 2957 706 2570 3390 
0 0 0 2867 2121 418 100000 266 399 606 2927 699 2684 636 2316 878 2370 2374 1048 510 2569 776 3037 913 271 737 757 2639 2748 402 2817 515 2506 2213 957 2958 
0 0 0 2857 2114 420 266 100000 275 523 3044 598 2740 382 2384 802 2353 2179 957 630 2739 889 2899 705 387 503 877 2459 2732 680 2730 766 2379 2391 855 2809 
0 0 0 3237 2493 695 399 275 100000 270 3406 348 2382 356 2035 554 1978 2529 705 425 2439 812 3262 535 321 749 648 2103 2356 700 2352 901 2005 2729 604 2443 
0 0 0 3599 2852 2101 606 523 270 100000 3734 256 890 508 649 282 548 2902 583 299 912 686 3636 488 386 2186 396 727 831 771 882 2377 657 3033 383 976 
0 0 0 466 689 2462 2927 3044 3406 3734 100000 3876 4780 3457 4414 4110 4495 2388 4364 3666 4550 3800 2200 4032 3292 2851 4032 4704 4872 3050 4938 2300 4609 500 4229 5049 
0 0 0 3664 2933 2213 699 598 348 256 3876 100000 954 409 709 379 652 2867 346 493 2360 2061 3616 223 596 2120 595 595 877 2167 760 2609 526 3209 257 844 
0 0 0 4748 3999 3243 2684 2740 2382 890 4780 954 100000 2700 246 615 340 4111 915 752 404 780 4839 1037 2303 3395 517 803 245 2575 469 3301 624 4038 718 700 
0 0 0 3164 2463 702 636 382 356 508 3457 409 2700 100000 2387 793 2249 2307 675 761 2848 2387 3057 424 650 505 866 2124 2598 2202 2501 2394 2123 2859 653 2497 
0 0 0 4381 3632 2877 2316 2384 2035 649 4414 709 246 2387 100000 382 251 3760 811 505 397 537 4483 918 1935 3055 258 706 366 2225 576 2941 528 3674 623 806 
0 0 0 3999 3251 2496 878 802 554 282 4110 379 615 793 382 100000 -229 3303 504 364 757 657 4039 599 620 2578 267 600 553 894 628 2704 429 3394 308 724 
0 0 0 4398 3650 2894 2370 2353 1978 548 4495 652 340 2249 251 -229 100000 3698 616 635 629 750 4437 734 2008 2967 387 522 295 2394 368 3063 331 3770 420 604 
0 0 0 689 466 708 2374 2179 2529 2902 2388 2867 4111 2307 3760 3303 3698 100000 3251 3055 4110 3450 500 2877 2715 500 3401 3625 4069 2851 4005 2388 3629 2200 3231 4000 
0 0 0 4113 3398 2702 1048 957 705 583 4364 346 915 675 811 504 616 3251 100000 816 2474 2392 4000 250 930 2504 716 249 721 2641 604 3117 331 3711 199 499 
0 0 0 3627 2880 2128 510 630 425 299 3666 493 752 761 505 364 635 3055 816 100000 759 388 3759 715 253 2394 247 928 870 518 952 2215 747 2932 619 1047 
0 0 0 4614 3880 3150 2569 2739 2439 912 4550 2360 404 2848 397 757 629 4110 2474 759 100000 500 4802 2633 2201 3450 512 2390 647 2300 2050 3050 2120 3800 2208 2392 
0 0 0 3880 3156 2449 776 889 812 686 3800 2061 780 2387 537 657 750 3450 2392 388 500 100000 4110 2390 509 2851 388 2479 893 500 2357 2300 2230 3050 2099 2641 
0 0 0 466 689 2460 3037 2899 3262 3636 2200 3616 4839 3057 4483 4039 4437 500 4000 3759 4802 4110 100000 3625 3401 2300 4115 4374 4811 3450 4754 2851 4378 2388 3980 4749 
0 0 0 3754 3049 2379 913 705 535 488 4032 223 1037 424 918 599 734 2877 250 715 2633 2390 3625 100000 820 2132 817 499 973 2479 854 2858 582 3404 330 749 
0 0 0 3249 2503 676 271 387 321 386 3292 596 2303 650 1935 620 2008 2715 930 253 2201 509 3401 820 100000 877 500 2360 2380 385 2477 765 2193 2564 723 2649 
0 0 0 2455 702 466 737 503 749 2186 2851 2120 3395 505 3055 2578 2967 500 2504 2394 3450 2851 2300 2132 877 100000 2714 2877 3332 2388 3256 2200 2879 2388 2482 3251 
0 0 0 3998 3250 2496 757 877 648 396 4032 595 517 866 258 267 387 3401 716 247 512 388 4115 817 500 2714 100000 818 624 766 704 2566 651 3294 522 929 
0 0 0 4476 3754 3041 2639 2459 2103 727 4704 595 803 2124 706 600 522 3625 249 928 2390 2479 4374 499 2360 2877 818 100000 581 2858 345 3404 183 4032 352 250 
0 0 0 4781 4032 3276 2748 2732 2356 831 4872 877 245 2598 366 553 295 4069 721 870 647 893 4811 973 2380 3332 624 581 100000 2736 -246 3427 -97 4144 644 483 
0 0 0 3156 2455 698 402 680 700 771 3050 2167 2575 2202 2225 894 2394 2851 2641 518 2300 500 3450 2479 385 2388 766 2858 2736 100000 2901 499 2664 2300 2387 3117 
0 0 0 4786 4044 3300 2817 2730 2352 882 4938 760 469 2501 576 628 368 4005 604 952 2050 2357 4754 854 2477 3256 704 345 -246 2901 100000 3543 276 4230 527 231 
0 0 0 2455 702 468 515 766 901 2377 2300 2609 3301 2394 2941 2704 3063 2388 3117 2215 3050 2300 2851 2858 765 2200 2566 3404 3427 499 3543 100000 3255 500 2915 3711 
0 0 0 4429 3692 2957 2506 2379 2005 657 4609 526 624 2123 528 429 331 3629 331 747 2120 2230 4378 582 2193 2879 651 183 -97 2664 276 3255 100000 3915 270 321 
0 0 0 689 466 706 2213 2391 2729 3033 500 3209 4038 2859 3674 3394 3770 2200 3711 2932 3800 3050 2388 3404 2564 2388 3294 4032 4144 2300 4230 500 3915 100000 3548 4364 
0 0 0 4032 3298 2570 957 855 604 383 4229 257 718 653 623 308 420 3231 199 619 2208 2099 3980 330 723 2482 522 352 644 2387 527 2915 270 3548 100000 601 
0 0 0 4841 4113 3390 2958 2809 2443 976 5049 844 700 2497 806 724 604 4000 499 1047 2392 2641 4749 749 2649 3251 929 250 483 3117 231 3711 321 4364 601 100000 
DEMAND_SECTION
1 0
2 0
3 0
4 3966
5 3966
6 3907
7 926
8 663
9 336
10 173
11 3966
12 870
13 977
14 3906
15 917
16 105
17 137
18 3966
19 977
20 842
21 3966
22 3966
23 3966
24 977
25 814
26 3966
27 828
28 977
29 799
30 3966
31 945
32 3966
33 374
34 3966
35 576
36 977
DEPOT_SECTION
1
EOF