NAME : amtsp
TYPE : ATSP
DIMENSION : 10
EDGE_WEIGHT_TYPE : EXPLICIT
EDGE_WEIGHT_FORMAT : FULL_MATRIX
EDGE_WEIGHT_SECTION
100000 -100000 100000 100000 100000 100000 100000 100000 100000 100000 
100000 100000 1786 2093 2723 2531 2610 71 308 368 
0 0 100000 466 702 500 702 639 426 431 
0 0 466 100000 500 702 2388 840 751 530 
0 0 702 500 100000 466 2200 2635 2379 2222 
0 0 500 702 466 100000 466 2459 2126 2130 
0 0 702 2388 2200 466 100000 2565 2215 2380 
0 0 639 840 2635 2459 2565 100000 -232 -189 
0 0 426 751 2379 2126 2215 -232 100000 -269 
0 0 431 530 2222 2130 2380 -189 -269 100000 
