NAME : pairopt
TYPE : ACVRP
DIMENSION : 21
EDGE_WEIGHT_TYPE : EXPLICIT
EDGE_WEIGHT_FORMAT : FULL_MATRIX
CAPACITY : 53464
VEHICLES : 2
EDGE_WEIGHT_SECTION
100000 -100000 -100000 100000 100000 100000 100000 100000 100000 100000 100000 100000 100000 100000 100000 100000 100000 100000 100000 100000 100000 
100000 100000 1000000 3798 3530 2635 2152 2297 -237 1926 1638 2144 1926 263 1633 2297 2635 3170 2819 2675 3425 
100000 1000000 100000 2801 2675 2801 2675 2125 2125 2801 1925 -254 1594 1594 255 1594 1594 2125 1925 2125 2801 
0 0 0 100000 466 4550 4614 3800 4110 4802 3880 2463 2851 3450 3164 3050 2300 500 702 2388 2200 
0 0 0 466 100000 4614 4550 3880 3880 4614 3800 2307 2455 3156 3057 3156 2455 702 500 702 466 
0 0 0 4550 4614 100000 466 500 2388 2200 689 3149 3450 2851 2449 2300 3050 3800 3880 4110 4802 
0 0 0 4614 4550 466 100000 689 689 466 500 3042 3156 2455 2292 2455 3156 3880 3800 3880 4614 
0 0 0 3800 3880 500 689 100000 2200 2388 466 2449 2851 2388 698 500 2300 3050 3156 3450 4110 
0 0 0 4110 3880 2388 689 2200 100000 500 -33 2447 2300 500 688 2388 2851 3450 3156 3050 3800 
0 0 0 4802 4614 2200 466 2388 500 100000 689 3148 3050 2300 2447 2851 3450 4110 3880 3800 4550 
0 0 0 3880 3800 689 500 466 -33 689 100000 2292 2455 702 495 702 2455 3156 3050 3156 3880 
0 0 0 2463 2307 3149 3042 2449 2447 3148 2292 100000 -34 684 499 685 469 706 505 695 2461 
0 0 0 2851 2455 3450 3156 2851 2300 3050 2455 -34 100000 499 693 2388 2200 2388 702 500 2300 
0 0 0 3450 3156 2851 2455 2388 500 2300 702 684 499 100000 465 2200 2388 2851 2455 2300 3050 
0 0 0 3164 3057 2449 2292 698 688 2447 495 499 693 465 100000 469 694 2463 2307 2461 3162 
0 0 0 3050 3156 2300 2455 500 2388 2851 702 685 2388 2200 469 100000 499 2300 2455 2851 3450 
0 0 0 2300 2455 3050 3156 2300 2851 3450 2455 469 2200 2388 694 499 100000 500 702 2388 2851 
0 0 0 500 702 3800 3880 3050 3450 4110 3156 706 2388 2851 2463 2300 500 100000 466 2200 2388 
0 0 0 702 500 3880 3800 3156 3156 3880 3050 505 702 2455 2307 2455 702 466 100000 466 702 
0 0 0 2388 702 4110 3880 3450 3050 3800 3156 695 500 2300 2461 2851 2388 2200 466 100000 500 
0 0 0 2200 466 4802 4614 4110 3800 4550 3880 2461 2300 3050 3162 3450 2851 2388 702 500 100000 
DEMAND_SECTION
1 0
2 0
3 0
4 3966
5 3966
6 3966
7 3966
8 3966
9 3966
10 3966
11 3966
12 3910
13 3966
14 3966
15 3910
16 3966
17 3966
18 3966
19 3966
20 3966
21 3966
DEPOT_SECTION
1
EOF