NAME : amtsp
TYPE : ATSP
DIMENSION : 23
EDGE_WEIGHT_TYPE : EXPLICIT
EDGE_WEIGHT_FORMAT : FULL_MATRIX
EDGE_WEIGHT_SECTION
100000 -100000 100000 100000 100000 100000 100000 100000 100000 100000 100000 100000 100000 100000 100000 100000 100000 100000 100000 100000 100000 100000 100000 
100000 100000 2075 2793 2753 2953 3647 3499 3528 4270 4247 4364 -379 363 1569 1887 2237 2192 1822 304 1560 1714 516 
0 0 100000 503 703 2395 2858 2461 2303 3053 3161 3456 2224 879 768 651 637 396 369 647 678 416 403 
0 0 503 100000 466 2200 2388 702 500 2300 2455 2851 2940 2722 2398 877 737 502 745 2473 2481 2117 2108 
0 0 703 466 100000 466 702 500 702 2455 2300 2455 2882 2511 2130 680 424 429 684 2565 2713 2379 2220 
0 0 2395 2200 466 100000 500 702 2388 2851 2455 2300 3052 2572 2201 765 516 755 889 2900 3139 2857 2617 
0 0 2858 2388 702 500 100000 466 2200 2388 689 500 3756 3300 2920 2564 2213 2382 2715 3534 3720 3398 3212 
0 0 2461 702 500 702 466 100000 466 689 500 689 3629 3257 2874 2502 2122 2113 2485 3286 3391 3038 2929 
0 0 2303 500 702 2388 2200 466 100000 500 689 2388 3672 3409 3055 2714 2374 2186 2528 3221 3225 2862 2856 
0 0 3053 2300 2455 2851 2388 689 500 100000 466 2200 4411 4123 3757 3400 3037 2904 3260 3970 3972 3609 3604 
0 0 3161 2455 2300 2455 689 500 689 466 100000 466 4377 4005 3621 3249 2868 2857 3229 4020 4101 3741 3658 
0 0 3456 2851 2455 2300 500 689 2388 2200 466 100000 4479 4038 3655 3292 2927 3038 3394 4215 4365 4024 3875 
0 0 2224 2940 2882 3052 3756 3629 3672 4411 4377 4479 100000 371 639 1994 2353 2328 1958 398 635 731 645 
0 0 879 2722 2511 2572 3300 3257 3409 4123 4005 4038 371 100000 -239 505 778 880 658 529 783 839 623 
0 0 768 2398 2130 2201 2920 2874 3055 3757 3621 3655 639 -239 100000 249 515 624 434 624 881 737 523 
0 0 651 877 680 765 2564 2502 2714 3400 3249 3292 1994 505 249 100000 -228 -123 -180 714 969 825 609 
0 0 637 737 424 516 2213 2122 2374 3037 2868 2927 2353 778 515 -228 100000 -243 -112 954 1056 913 699 
0 0 396 502 429 755 2382 2113 2186 2904 2857 3038 2328 880 624 -123 -243 100000 -229 848 955 691 602 
0 0 369 745 684 889 2715 2485 2528 3260 3229 3394 1958 658 434 -180 -112 -229 100000 603 700 556 356 
0 0 647 2473 2565 2900 3534 3286 3221 3970 4020 4215 398 529 624 714 954 848 603 100000 -241 -169 -255 
0 0 678 2481 2713 3139 3720 3391 3225 3972 4101 4365 635 783 881 969 1056 955 700 -241 100000 -237 -142 
0 0 416 2117 2379 2857 3398 3038 2862 3609 3741 4024 731 839 737 825 913 691 556 -169 -237 100000 -283 
0 0 403 2108 2220 2617 3212 2929 2856 3604 3658 3875 645 623 523 609 699 602 356 -255 -142 -283 100000 
