NAME : pairopt
TYPE : ACVRP
DIMENSION : 36
EDGE_WEIGHT_TYPE : EXPLICIT
EDGE_WEIGHT_FORMAT : FULL_MATRIX
CAPACITY : 47669
VEHICLES : 2
EDGE_WEIGHT_SECTION
100000 -100000 -100000 100000 100000 100000 100000 100000 100000 100000 100000 100000 100000 100000 100000 100000 100000 100000 100000 100000 100000 100000 100000 100000 100000 100000 100000 100000 100000 100000 100000 100000 100000 100000 100000 100000 
100000 100000 1000000 1671 1812 1614 1609 277 2072 1700 408 4108 1953 1981 1897 -150 320 3390 1638 2586 243 1587 2497 397 2698 3252 505 370 3309 1625 1631 4045 4001 65 292 1868 
100000 1000000 100000 2265 2282 1882 1682 459 2594 508 -89 4432 2194 2363 1888 1738 -341 3757 212 2641 1734 1845 2771 231 3128 3490 -343 1875 3391 -100 2088 4141 4218 433 1576 468 
0 0 0 100000 500 781 918 769 500 2394 2084 3800 885 776 2392 524 2096 3050 2496 2851 387 799 2449 2191 2300 3156 2396 377 3450 2390 510 4110 3880 1405 663 2664 
0 0 0 500 100000 403 654 656 2300 2060 2384 4550 2730 2569 2853 395 2207 3800 2408 3450 504 2433 3150 2074 3050 3880 2480 764 4110 2633 2202 4802 4614 759 904 2414 
0 0 0 781 403 100000 244 388 2576 487 964 4781 2737 2685 2706 248 721 4039 815 3397 511 2385 3245 599 3302 4001 917 768 4113 1038 2305 4841 4750 644 901 716 
0 0 0 918 654 244 100000 344 2754 265 926 4897 2761 2773 2639 389 693 4167 631 3366 647 2392 3304 395 3448 4061 757 905 4103 1000 2404 4844 4810 605 853 521 
0 0 0 769 656 388 344 100000 2389 412 645 4479 2328 2353 2224 266 400 3756 522 2940 371 1958 2874 288 3052 3629 608 639 3672 724 1994 4411 4377 251 513 619 
0 0 0 500 2300 2576 2754 2389 100000 2949 2183 3050 671 402 2206 2222 2383 2300 2872 2388 1516 689 698 2636 499 2455 2643 1297 2851 2479 387 3450 3156 1663 1500 3138 
0 0 0 2394 2060 487 265 412 2949 100000 819 4996 2791 2873 2565 603 1358 4286 395 3316 740 2420 3359 312 3597 4104 650 1014 4065 897 2530 4814 4846 669 926 259 
0 0 0 2084 2384 964 926 645 2183 819 100000 3875 602 699 402 720 250 3212 101 2108 623 356 2212 34 2617 2929 347 523 2856 210 609 3604 3658 389 281 856 
0 0 0 3800 4550 4781 4897 4479 3050 4996 3875 100000 3038 2927 3456 4411 4225 500 4711 2851 4038 3394 2463 4598 2300 689 4364 3655 2388 4032 3292 2200 466 4115 3741 5066 
0 0 0 885 2730 2737 2761 2328 671 2791 602 3038 100000 256 396 2377 853 2382 2472 502 880 270 424 2376 755 2113 950 624 2186 702 376 2904 2857 802 534 2830 
0 0 0 776 2569 2685 2773 2353 402 2873 699 2927 256 100000 637 2313 954 2213 2649 737 778 387 419 2490 516 2122 1043 515 2374 913 271 3037 2868 877 617 2976 
0 0 0 2392 2853 2706 2639 2224 2206 2565 402 3456 396 637 100000 2392 652 2859 2129 503 879 369 699 2137 2395 2461 675 768 2303 427 651 3053 3161 797 527 2511 
0 0 0 524 395 248 389 266 2222 603 720 4411 2377 2313 2392 100000 623 3671 720 3054 -248 2034 2875 510 2938 3630 815 22 3759 921 1933 4481 4379 377 635 824 
0 0 0 2096 2207 721 693 400 2383 1358 250 4225 853 954 652 623 100000 3544 -149 2479 536 618 2566 -211 2911 3294 203 630 3227 327 720 3977 4028 299 386 606 
0 0 0 3050 3800 4039 4167 3756 2300 4286 3212 500 2382 2213 2859 3671 3544 100000 4041 2388 3300 2715 706 3901 500 466 3711 2920 2200 3404 2564 2388 689 3400 3038 4382 
0 0 0 2496 2408 815 631 522 2872 395 101 4711 2472 2649 2129 720 -149 4041 100000 2879 830 2126 3048 236 3415 3759 254 953 3626 503 2371 4375 4481 603 732 256 
0 0 0 2851 3450 3397 3366 2940 2388 3316 2108 2851 502 737 503 3054 2479 2388 2879 100000 2722 745 466 2887 2200 702 2502 2398 500 2132 877 2300 2455 2576 2205 3262 
0 0 0 387 504 511 647 371 1516 740 623 4038 880 778 879 -248 536 3300 830 2722 100000 658 2504 632 2572 3257 722 260 3409 820 505 4123 4005 278 389 944 
0 0 0 799 2433 2385 2392 1958 689 2420 356 3394 270 387 369 2034 618 2715 2126 745 658 100000 679 2008 889 2485 701 434 2528 546 319 3260 3229 546 286 2472 
0 0 0 2449 3150 3245 3304 2874 698 3359 2212 2463 424 419 699 2875 2566 706 3048 466 2504 679 100000 2949 468 505 2702 2123 708 2378 675 2460 2307 2499 2112 3407 
0 0 0 2191 2074 599 395 288 2636 312 34 4598 2376 2490 2137 510 -211 3901 236 2887 632 2008 2949 100000 3235 3688 357 743 3636 605 2170 4385 4426 379 632 347 
0 0 0 2300 3050 3302 3448 3052 499 3597 2617 2300 755 516 2395 2938 2911 500 3415 2200 2572 889 468 3235 100000 702 3118 2201 2388 2858 765 2851 2455 2712 2379 3730 
0 0 0 3156 3880 4001 4061 3629 2455 4104 2929 689 2113 2122 2461 3630 3294 466 3759 702 3257 2485 505 3688 702 100000 3397 2874 466 3049 2502 689 500 3253 2864 4128 
0 0 0 2396 2480 917 757 608 2643 650 347 4364 950 1043 675 815 203 3711 254 2502 722 701 2702 357 3118 3397 100000 838 3249 248 933 3997 4112 500 604 510 
0 0 0 377 764 768 905 639 1297 1014 523 3655 624 515 768 22 630 2920 953 2398 260 434 2123 743 2201 2874 838 100000 3055 731 249 3757 3621 384 291 1064 
0 0 0 3450 4110 4113 4103 3672 2851 4065 2856 2388 2186 2374 2303 3759 3227 2200 3626 500 3409 2528 708 3636 2388 466 3249 3055 100000 2877 2714 500 689 3301 2919 4010 
0 0 0 2390 2633 1038 1000 724 2479 897 210 4032 702 913 427 921 327 3404 503 2132 820 546 2378 605 2858 3049 248 731 2877 100000 819 3625 3754 592 495 759 
0 0 0 510 2202 2305 2404 1994 387 2530 609 3292 376 271 651 1933 720 2564 2371 877 505 319 675 2170 765 2502 933 249 2714 819 100000 3400 3249 622 371 2669 
0 0 0 4110 4802 4841 4844 4411 3450 4814 3604 2200 2904 3037 3053 4481 3977 2388 4375 2300 4123 3260 2460 4385 2851 689 3997 3757 500 3625 3400 100000 466 4038 3651 4759 
0 0 0 3880 4614 4750 4810 4377 3156 4846 3658 466 2857 2868 3161 4379 4028 689 4481 2455 4005 3229 2307 4426 2455 500 4112 3621 689 3754 3249 466 100000 4001 3611 4855 
0 0 0 1405 759 644 605 251 1663 669 389 4115 802 877 797 377 299 3400 603 2576 278 546 2499 379 2712 3253 500 384 3301 592 622 4038 4001 100000 261 727 
0 0 0 663 904 901 853 513 1500 926 281 3741 534 617 527 635 386 3038 732 2205 389 286 2112 632 2379 2864 604 291 2919 495 371 3651 3611 261 100000 986 
0 0 0 2664 2414 716 521 619 3138 259 856 5066 2830 2976 2511 824 606 4382 256 3262 944 2472 3407 347 3730 4128 510 1064 4010 759 2669 4759 4855 727 986 100000 
DEMAND_SECTION
1 0
2 0
3 0
4 3966
5 3966
6 966
7 349
8 111
9 3966
10 492
11 669
12 3966
13 737
14 928
15 3860
16 898
17 300
18 3966
19 858
20 3966
21 805
22 298
23 3908
24 194
25 3966
26 3966
27 945
28 716
29 3966
30 977
31 821
32 3966
33 3966
34 114
35 139
36 831
DEPOT_SECTION
1
EOF