NAME : amtsp
TYPE : ATSP
DIMENSION : 13
EDGE_WEIGHT_TYPE : EXPLICIT
EDGE_WEIGHT_FORMAT : FULL_MATRIX
EDGE_WEIGHT_SECTION
100000 -100000 100000 100000 100000 100000 100000 100000 100000 100000 100000 100000 100000 
100000 100000 2080 1813 2039 -289 490 1584 1891 -99 -125 487 1826 
0 0 100000 500 2300 751 629 397 404 512 759 2201 2569 
0 0 500 100000 500 651 750 537 780 388 388 509 776 
0 0 2300 500 100000 1656 2394 2225 2575 1513 1309 385 402 
0 0 751 651 1656 100000 -229 -117 115 -232 -135 620 878 
0 0 629 750 2394 -229 100000 -248 -159 387 635 2008 2370 
0 0 397 537 2225 -117 -248 100000 -253 258 505 1935 2316 
0 0 404 780 2575 115 -159 -253 100000 517 752 2303 2684 
0 0 512 388 1513 -232 387 258 517 100000 -252 500 757 
0 0 759 388 1309 -135 635 505 752 -252 100000 253 510 
0 0 2201 509 385 620 2008 1935 2303 500 253 100000 -228 
0 0 2569 776 402 878 2370 2316 2684 757 510 -228 100000 
